0, 0, 200
34.73, 0, 196.962
68.404, 0, 187.939
100, 0, 173.205
128.558, 0, 153.209
153.209, 0, 128.558
173.205, 0, 100
187.939, 0, 68.404
196.962, 0, 34.73
200, 0, 0
196.962, 0, -34.73
187.939, 0, -68.404
173.205, 0, -100
153.209, 0, -128.558
128.558, 0, -153.209
100, 0, -173.205
68.404, 0, -187.939
34.73, 0, -196.962
34.302, 5.433, 196.962
67.562, 10.701, 187.939
98.769, 15.643, 173.205
126.975, 20.111, 153.209
151.323, 23.967, 128.558
171.073, 27.095, 100
185.625, 29.4, 68.404
194.537, 30.812, 34.73
197.538, 31.287, 0
194.537, 30.812, -34.73
185.625, 29.4, -68.404
171.073, 27.095, -100
151.323, 23.967, -128.558
126.975, 20.111, -153.209
98.769, 15.643, -173.205
67.562, 10.701, -187.939
34.302, 5.433, -196.962
33.03, 10.732, 196.962
65.056, 21.138, 187.939
95.106, 30.902, 173.205
122.265, 39.726, 153.209
145.71, 47.344, 128.558
164.728, 53.523, 100
178.74, 58.076, 68.404
187.322, 60.864, 34.73
190.211, 61.803, 0
187.322, 60.864, -34.73
178.74, 58.076, -68.404
164.728, 53.523, -100
145.71, 47.344, -128.558
122.265, 39.726, -153.209
95.106, 30.902, -173.205
65.056, 21.138, -187.939
33.03, 10.732, -196.962
30.944, 15.767, 196.962
60.948, 31.055, 187.939
89.101, 45.399, 173.205
114.546, 58.364, 153.209
136.51, 69.555, 128.558
154.327, 78.633, 100
167.454, 85.322, 68.404
175.494, 89.419, 34.73
178.201, 90.798, 0
175.494, 89.419, -34.73
167.454, 85.322, -68.404
154.327, 78.633, -100
136.51, 69.555, -128.558
114.546, 58.364, -153.209
89.101, 45.399, -173.205
60.948, 31.055, -187.939
30.944, 15.767, -196.962
28.097, 20.414, 196.962
55.34, 40.207, 187.939
80.902, 58.779, 173.205
104.005, 75.564, 153.209
123.949, 90.054, 128.558
140.126, 101.807, 100
152.045, 110.467, 68.404
159.345, 115.771, 34.73
161.803, 117.557, 0
159.345, 115.771, -34.73
152.045, 110.467, -68.404
140.126, 101.807, -100
123.949, 90.054, -128.558
104.005, 75.564, -153.209
80.902, 58.779, -173.205
55.34, 40.207, -187.939
28.097, 20.414, -196.962
24.558, 24.558, 196.962
48.369, 48.369, 187.939
70.711, 70.711, 173.205
90.904, 90.904, 153.209
108.335, 108.335, 128.558
122.474, 122.474, 100
132.893, 132.893, 68.404
139.273, 139.273, 34.73
141.421, 141.421, 0
139.273, 139.273, -34.73
132.893, 132.893, -68.404
122.474, 122.474, -100
108.335, 108.335, -128.558
90.904, 90.904, -153.209
70.711, 70.711, -173.205
48.369, 48.369, -187.939
24.558, 24.558, -196.962
20.414, 28.097, 196.962
40.207, 55.34, 187.939
58.779, 80.902, 173.205
75.564, 104.005, 153.209
90.054, 123.949, 128.558
101.807, 140.126, 100
110.467, 152.045, 68.404
115.771, 159.345, 34.73
117.557, 161.803, 0
115.771, 159.345, -34.73
110.467, 152.045, -68.404
101.807, 140.126, -100
90.054, 123.949, -128.558
75.564, 104.005, -153.209
58.779, 80.902, -173.205
40.207, 55.34, -187.939
20.414, 28.097, -196.962
15.767, 30.944, 196.962
31.055, 60.948, 187.939
45.399, 89.101, 173.205
58.364, 114.546, 153.209
69.555, 136.51, 128.558
78.633, 154.327, 100
85.322, 167.454, 68.404
89.419, 175.494, 34.73
90.798, 178.201, 0
89.419, 175.494, -34.73
85.322, 167.454, -68.404
78.633, 154.327, -100
69.555, 136.51, -128.558
58.364, 114.546, -153.209
45.399, 89.101, -173.205
31.055, 60.948, -187.939
15.767, 30.944, -196.962
10.732, 33.03, 196.962
21.138, 65.056, 187.939
30.902, 95.106, 173.205
39.726, 122.265, 153.209
47.344, 145.71, 128.558
53.523, 164.728, 100
58.076, 178.74, 68.404
60.864, 187.322, 34.73
61.803, 190.211, 0
60.864, 187.322, -34.73
58.076, 178.74, -68.404
53.523, 164.728, -100
47.344, 145.71, -128.558
39.726, 122.265, -153.209
30.902, 95.106, -173.205
21.138, 65.056, -187.939
10.732, 33.03, -196.962
5.433, 34.302, 196.962
10.701, 67.562, 187.939
15.643, 98.769, 173.205
20.111, 126.975, 153.209
23.967, 151.323, 128.558
27.095, 171.073, 100
29.4, 185.625, 68.404
30.812, 194.537, 34.73
31.287, 197.538, 0
30.812, 194.537, -34.73
29.4, 185.625, -68.404
27.095, 171.073, -100
23.967, 151.323, -128.558
20.111, 126.975, -153.209
15.643, 98.769, -173.205
10.701, 67.562, -187.939
5.433, 34.302, -196.962
0, 34.73, 196.962
0, 68.404, 187.939
0, 100, 173.205
0, 128.558, 153.209
0, 153.209, 128.558
0, 173.205, 100
0, 187.939, 68.404
0, 196.962, 34.73
0, 200, 0
0, 196.962, -34.73
0, 187.939, -68.404
0, 173.205, -100
0, 153.209, -128.558
0, 128.558, -153.209
0, 100, -173.205
0, 68.404, -187.939
0, 34.73, -196.962
-5.433, 34.302, 196.962
-10.701, 67.562, 187.939
-15.643, 98.769, 173.205
-20.111, 126.975, 153.209
-23.967, 151.323, 128.558
-27.095, 171.073, 100
-29.4, 185.625, 68.404
-30.812, 194.537, 34.73
-31.287, 197.538, 0
-30.812, 194.537, -34.73
-29.4, 185.625, -68.404
-27.095, 171.073, -100
-23.967, 151.323, -128.558
-20.111, 126.975, -153.209
-15.643, 98.769, -173.205
-10.701, 67.562, -187.939
-5.433, 34.302, -196.962
-10.732, 33.03, 196.962
-21.138, 65.056, 187.939
-30.902, 95.106, 173.205
-39.726, 122.265, 153.209
-47.344, 145.71, 128.558
-53.523, 164.728, 100
-58.076, 178.74, 68.404
-60.864, 187.322, 34.73
-61.803, 190.211, 0
-60.864, 187.322, -34.73
-58.076, 178.74, -68.404
-53.523, 164.728, -100
-47.344, 145.71, -128.558
-39.726, 122.265, -153.209
-30.902, 95.106, -173.205
-21.138, 65.056, -187.939
-10.732, 33.03, -196.962
-15.767, 30.944, 196.962
-31.055, 60.948, 187.939
-45.399, 89.101, 173.205
-58.364, 114.546, 153.209
-69.555, 136.51, 128.558
-78.633, 154.327, 100
-85.322, 167.454, 68.404
-89.419, 175.494, 34.73
-90.798, 178.201, 0
-89.419, 175.494, -34.73
-85.322, 167.454, -68.404
-78.633, 154.327, -100
-69.555, 136.51, -128.558
-58.364, 114.546, -153.209
-45.399, 89.101, -173.205
-31.055, 60.948, -187.939
-15.767, 30.944, -196.962
-20.414, 28.097, 196.962
-40.207, 55.34, 187.939
-58.779, 80.902, 173.205
-75.564, 104.005, 153.209
-90.054, 123.949, 128.558
-101.807, 140.126, 100
-110.467, 152.045, 68.404
-115.771, 159.345, 34.73
-117.557, 161.803, 0
-115.771, 159.345, -34.73
-110.467, 152.045, -68.404
-101.807, 140.126, -100
-90.054, 123.949, -128.558
-75.564, 104.005, -153.209
-58.779, 80.902, -173.205
-40.207, 55.34, -187.939
-20.414, 28.097, -196.962
-24.558, 24.558, 196.962
-48.369, 48.369, 187.939
-70.711, 70.711, 173.205
-90.904, 90.904, 153.209
-108.335, 108.335, 128.558
-122.474, 122.474, 100
-132.893, 132.893, 68.404
-139.273, 139.273, 34.73
-141.421, 141.421, 0
-139.273, 139.273, -34.73
-132.893, 132.893, -68.404
-122.474, 122.474, -100
-108.335, 108.335, -128.558
-90.904, 90.904, -153.209
-70.711, 70.711, -173.205
-48.369, 48.369, -187.939
-24.558, 24.558, -196.962
-28.097, 20.414, 196.962
-55.34, 40.207, 187.939
-80.902, 58.779, 173.205
-104.005, 75.564, 153.209
-123.949, 90.054, 128.558
-140.126, 101.807, 100
-152.045, 110.467, 68.404
-159.345, 115.771, 34.73
-161.803, 117.557, 0
-159.345, 115.771, -34.73
-152.045, 110.467, -68.404
-140.126, 101.807, -100
-123.949, 90.054, -128.558
-104.005, 75.564, -153.209
-80.902, 58.779, -173.205
-55.34, 40.207, -187.939
-28.097, 20.414, -196.962
-30.944, 15.767, 196.962
-60.948, 31.055, 187.939
-89.101, 45.399, 173.205
-114.546, 58.364, 153.209
-136.51, 69.555, 128.558
-154.327, 78.633, 100
-167.454, 85.322, 68.404
-175.494, 89.419, 34.73
-178.201, 90.798, 0
-175.494, 89.419, -34.73
-167.454, 85.322, -68.404
-154.327, 78.633, -100
-136.51, 69.555, -128.558
-114.546, 58.364, -153.209
-89.101, 45.399, -173.205
-60.948, 31.055, -187.939
-30.944, 15.767, -196.962
-33.03, 10.732, 196.962
-65.056, 21.138, 187.939
-95.106, 30.902, 173.205
-122.265, 39.726, 153.209
-145.71, 47.344, 128.558
-164.728, 53.523, 100
-178.74, 58.076, 68.404
-187.322, 60.864, 34.73
-190.211, 61.803, 0
-187.322, 60.864, -34.73
-178.74, 58.076, -68.404
-164.728, 53.523, -100
-145.71, 47.344, -128.558
-122.265, 39.726, -153.209
-95.106, 30.902, -173.205
-65.056, 21.138, -187.939
-33.03, 10.732, -196.962
-34.302, 5.433, 196.962
-67.562, 10.701, 187.939
-98.769, 15.643, 173.205
-126.975, 20.111, 153.209
-151.323, 23.967, 128.558
-171.073, 27.095, 100
-185.625, 29.4, 68.404
-194.537, 30.812, 34.73
-197.538, 31.287, 0
-194.537, 30.812, -34.73
-185.625, 29.4, -68.404
-171.073, 27.095, -100
-151.323, 23.967, -128.558
-126.975, 20.111, -153.209
-98.769, 15.643, -173.205
-67.562, 10.701, -187.939
-34.302, 5.433, -196.962
-34.73, 0, 196.962
-68.404, 0, 187.939
-100, 0, 173.205
-128.558, 0, 153.209
-153.209, 0, 128.558
-173.205, 0, 100
-187.939, 0, 68.404
-196.962, 0, 34.73
-200, 0, 0
-196.962, 0, -34.73
-187.939, 0, -68.404
-173.205, 0, -100
-153.209, 0, -128.558
-128.558, 0, -153.209
-100, 0, -173.205
-68.404, 0, -187.939
-34.73, 0, -196.962
-34.302, -5.433, 196.962
-67.562, -10.701, 187.939
-98.769, -15.643, 173.205
-126.975, -20.111, 153.209
-151.323, -23.967, 128.558
-171.073, -27.095, 100
-185.625, -29.4, 68.404
-194.537, -30.812, 34.73
-197.538, -31.287, 0
-194.537, -30.812, -34.73
-185.625, -29.4, -68.404
-171.073, -27.095, -100
-151.323, -23.967, -128.558
-126.975, -20.111, -153.209
-98.769, -15.643, -173.205
-67.562, -10.701, -187.939
-34.302, -5.433, -196.962
-33.03, -10.732, 196.962
-65.056, -21.138, 187.939
-95.106, -30.902, 173.205
-122.265, -39.726, 153.209
-145.71, -47.344, 128.558
-164.728, -53.523, 100
-178.74, -58.076, 68.404
-187.322, -60.864, 34.73
-190.211, -61.803, 0
-187.322, -60.864, -34.73
-178.74, -58.076, -68.404
-164.728, -53.523, -100
-145.71, -47.344, -128.558
-122.265, -39.726, -153.209
-95.106, -30.902, -173.205
-65.056, -21.138, -187.939
-33.03, -10.732, -196.962
-30.944, -15.767, 196.962
-60.948, -31.055, 187.939
-89.101, -45.399, 173.205
-114.546, -58.364, 153.209
-136.51, -69.555, 128.558
-154.327, -78.633, 100
-167.454, -85.322, 68.404
-175.494, -89.419, 34.73
-178.201, -90.798, 0
-175.494, -89.419, -34.73
-167.454, -85.322, -68.404
-154.327, -78.633, -100
-136.51, -69.555, -128.558
-114.546, -58.364, -153.209
-89.101, -45.399, -173.205
-60.948, -31.055, -187.939
-30.944, -15.767, -196.962
-28.097, -20.414, 196.962
-55.34, -40.207, 187.939
-80.902, -58.779, 173.205
-104.005, -75.564, 153.209
-123.949, -90.054, 128.558
-140.126, -101.807, 100
-152.045, -110.467, 68.404
-159.345, -115.771, 34.73
-161.803, -117.557, 0
-159.345, -115.771, -34.73
-152.045, -110.467, -68.404
-140.126, -101.807, -100
-123.949, -90.054, -128.558
-104.005, -75.564, -153.209
-80.902, -58.779, -173.205
-55.34, -40.207, -187.939
-28.097, -20.414, -196.962
-24.558, -24.558, 196.962
-48.369, -48.369, 187.939
-70.711, -70.711, 173.205
-90.904, -90.904, 153.209
-108.335, -108.335, 128.558
-122.474, -122.474, 100
-132.893, -132.893, 68.404
-139.273, -139.273, 34.73
-141.421, -141.421, 0
-139.273, -139.273, -34.73
-132.893, -132.893, -68.404
-122.474, -122.474, -100
-108.335, -108.335, -128.558
-90.904, -90.904, -153.209
-70.711, -70.711, -173.205
-48.369, -48.369, -187.939
-24.558, -24.558, -196.962
-20.414, -28.097, 196.962
-40.207, -55.34, 187.939
-58.779, -80.902, 173.205
-75.564, -104.005, 153.209
-90.054, -123.949, 128.558
-101.807, -140.126, 100
-110.467, -152.045, 68.404
-115.771, -159.345, 34.73
-117.557, -161.803, 0
-115.771, -159.345, -34.73
-110.467, -152.045, -68.404
-101.807, -140.126, -100
-90.054, -123.949, -128.558
-75.564, -104.005, -153.209
-58.779, -80.902, -173.205
-40.207, -55.34, -187.939
-20.414, -28.097, -196.962
-15.767, -30.944, 196.962
-31.055, -60.948, 187.939
-45.399, -89.101, 173.205
-58.364, -114.546, 153.209
-69.555, -136.51, 128.558
-78.633, -154.327, 100
-85.322, -167.454, 68.404
-89.419, -175.494, 34.73
-90.798, -178.201, 0
-89.419, -175.494, -34.73
-85.322, -167.454, -68.404
-78.633, -154.327, -100
-69.555, -136.51, -128.558
-58.364, -114.546, -153.209
-45.399, -89.101, -173.205
-31.055, -60.948, -187.939
-15.767, -30.944, -196.962
-10.732, -33.03, 196.962
-21.138, -65.056, 187.939
-30.902, -95.106, 173.205
-39.726, -122.265, 153.209
-47.344, -145.71, 128.558
-53.523, -164.728, 100
-58.076, -178.74, 68.404
-60.864, -187.322, 34.73
-61.803, -190.211, 0
-60.864, -187.322, -34.73
-58.076, -178.74, -68.404
-53.523, -164.728, -100
-47.344, -145.71, -128.558
-39.726, -122.265, -153.209
-30.902, -95.106, -173.205
-21.138, -65.056, -187.939
-10.732, -33.03, -196.962
-5.433, -34.302, 196.962
-10.701, -67.562, 187.939
-15.643, -98.769, 173.205
-20.111, -126.975, 153.209
-23.967, -151.323, 128.558
-27.095, -171.073, 100
-29.4, -185.625, 68.404
-30.812, -194.537, 34.73
-31.287, -197.538, 0
-30.812, -194.537, -34.73
-29.4, -185.625, -68.404
-27.095, -171.073, -100
-23.967, -151.323, -128.558
-20.111, -126.975, -153.209
-15.643, -98.769, -173.205
-10.701, -67.562, -187.939
-5.433, -34.302, -196.962
-0, -34.73, 196.962
-0, -68.404, 187.939
-0, -100, 173.205
-0, -128.558, 153.209
-0, -153.209, 128.558
-0, -173.205, 100
-0, -187.939, 68.404
-0, -196.962, 34.73
-0, -200, 0
-0, -196.962, -34.73
-0, -187.939, -68.404
-0, -173.205, -100
-0, -153.209, -128.558
-0, -128.558, -153.209
-0, -100, -173.205
-0, -68.404, -187.939
-0, -34.73, -196.962
5.433, -34.302, 196.962
10.701, -67.562, 187.939
15.643, -98.769, 173.205
20.111, -126.975, 153.209
23.967, -151.323, 128.558
27.095, -171.073, 100
29.4, -185.625, 68.404
30.812, -194.537, 34.73
31.287, -197.538, 0
30.812, -194.537, -34.73
29.4, -185.625, -68.404
27.095, -171.073, -100
23.967, -151.323, -128.558
20.111, -126.975, -153.209
15.643, -98.769, -173.205
10.701, -67.562, -187.939
5.433, -34.302, -196.962
10.732, -33.03, 196.962
21.138, -65.056, 187.939
30.902, -95.106, 173.205
39.726, -122.265, 153.209
47.344, -145.71, 128.558
53.523, -164.728, 100
58.076, -178.74, 68.404
60.864, -187.322, 34.73
61.803, -190.211, 0
60.864, -187.322, -34.73
58.076, -178.74, -68.404
53.523, -164.728, -100
47.344, -145.71, -128.558
39.726, -122.265, -153.209
30.902, -95.106, -173.205
21.138, -65.056, -187.939
10.732, -33.03, -196.962
15.767, -30.944, 196.962
31.055, -60.948, 187.939
45.399, -89.101, 173.205
58.364, -114.546, 153.209
69.555, -136.51, 128.558
78.633, -154.327, 100
85.322, -167.454, 68.404
89.419, -175.494, 34.73
90.798, -178.201, 0
89.419, -175.494, -34.73
85.322, -167.454, -68.404
78.633, -154.327, -100
69.555, -136.51, -128.558
58.364, -114.546, -153.209
45.399, -89.101, -173.205
31.055, -60.948, -187.939
15.767, -30.944, -196.962
20.414, -28.097, 196.962
40.207, -55.34, 187.939
58.779, -80.902, 173.205
75.564, -104.005, 153.209
90.054, -123.949, 128.558
101.807, -140.126, 100
110.467, -152.045, 68.404
115.771, -159.345, 34.73
117.557, -161.803, 0
115.771, -159.345, -34.73
110.467, -152.045, -68.404
101.807, -140.126, -100
90.054, -123.949, -128.558
75.564, -104.005, -153.209
58.779, -80.902, -173.205
40.207, -55.34, -187.939
20.414, -28.097, -196.962
24.558, -24.558, 196.962
48.369, -48.369, 187.939
70.711, -70.711, 173.205
90.904, -90.904, 153.209
108.335, -108.335, 128.558
122.474, -122.474, 100
132.893, -132.893, 68.404
139.273, -139.273, 34.73
141.421, -141.421, 0
139.273, -139.273, -34.73
132.893, -132.893, -68.404
122.474, -122.474, -100
108.335, -108.335, -128.558
90.904, -90.904, -153.209
70.711, -70.711, -173.205
48.369, -48.369, -187.939
24.558, -24.558, -196.962
28.097, -20.414, 196.962
55.34, -40.207, 187.939
80.902, -58.779, 173.205
104.005, -75.564, 153.209
123.949, -90.054, 128.558
140.126, -101.807, 100
152.045, -110.467, 68.404
159.345, -115.771, 34.73
161.803, -117.557, 0
159.345, -115.771, -34.73
152.045, -110.467, -68.404
140.126, -101.807, -100
123.949, -90.054, -128.558
104.005, -75.564, -153.209
80.902, -58.779, -173.205
55.34, -40.207, -187.939
28.097, -20.414, -196.962
30.944, -15.767, 196.962
60.948, -31.055, 187.939
89.101, -45.399, 173.205
114.546, -58.364, 153.209
136.51, -69.555, 128.558
154.327, -78.633, 100
167.454, -85.322, 68.404
175.494, -89.419, 34.73
178.201, -90.798, 0
175.494, -89.419, -34.73
167.454, -85.322, -68.404
154.327, -78.633, -100
136.51, -69.555, -128.558
114.546, -58.364, -153.209
89.101, -45.399, -173.205
60.948, -31.055, -187.939
30.944, -15.767, -196.962
33.03, -10.732, 196.962
65.056, -21.138, 187.939
95.106, -30.902, 173.205
122.265, -39.726, 153.209
145.71, -47.344, 128.558
164.728, -53.523, 100
178.74, -58.076, 68.404
187.322, -60.864, 34.73
190.211, -61.803, 0
187.322, -60.864, -34.73
178.74, -58.076, -68.404
164.728, -53.523, -100
145.71, -47.344, -128.558
122.265, -39.726, -153.209
95.106, -30.902, -173.205
65.056, -21.138, -187.939
33.03, -10.732, -196.962
34.302, -5.433, 196.962
67.562, -10.701, 187.939
98.769, -15.643, 173.205
126.975, -20.111, 153.209
151.323, -23.967, 128.558
171.073, -27.095, 100
185.625, -29.4, 68.404
194.537, -30.812, 34.73
197.538, -31.287, 0
194.537, -30.812, -34.73
185.625, -29.4, -68.404
171.073, -27.095, -100
151.323, -23.967, -128.558
126.975, -20.111, -153.209
98.769, -15.643, -173.205
67.562, -10.701, -187.939
34.302, -5.433, -196.962
-0, -0, -200

18, 0, 1
35, 0, 18
52, 0, 35
69, 0, 52
86, 0, 69
103, 0, 86
120, 0, 103
137, 0, 120
154, 0, 137
171, 0, 154
188, 0, 171
205, 0, 188
222, 0, 205
239, 0, 222
256, 0, 239
273, 0, 256
290, 0, 273
307, 0, 290
324, 0, 307
341, 0, 324
358, 0, 341
375, 0, 358
392, 0, 375
409, 0, 392
426, 0, 409
443, 0, 426
460, 0, 443
477, 0, 460
494, 0, 477
511, 0, 494
528, 0, 511
545, 0, 528
562, 0, 545
579, 0, 562
596, 0, 579
613, 0, 596
630, 0, 613
647, 0, 630
664, 0, 647
1, 0, 664
1, 2, 19, 18
18, 19, 36, 35
35, 36, 53, 52
52, 53, 70, 69
69, 70, 87, 86
86, 87, 104, 103
103, 104, 121, 120
120, 121, 138, 137
137, 138, 155, 154
154, 155, 172, 171
171, 172, 189, 188
188, 189, 206, 205
205, 206, 223, 222
222, 223, 240, 239
239, 240, 257, 256
256, 257, 274, 273
273, 274, 291, 290
290, 291, 308, 307
307, 308, 325, 324
324, 325, 342, 341
341, 342, 359, 358
358, 359, 376, 375
375, 376, 393, 392
392, 393, 410, 409
409, 410, 427, 426
426, 427, 444, 443
443, 444, 461, 460
460, 461, 478, 477
477, 478, 495, 494
494, 495, 512, 511
511, 512, 529, 528
528, 529, 546, 545
545, 546, 563, 562
562, 563, 580, 579
579, 580, 597, 596
596, 597, 614, 613
613, 614, 631, 630
630, 631, 648, 647
647, 648, 665, 664
664, 665, 2, 1
2, 3, 20, 19
19, 20, 37, 36
36, 37, 54, 53
53, 54, 71, 70
70, 71, 88, 87
87, 88, 105, 104
104, 105, 122, 121
121, 122, 139, 138
138, 139, 156, 155
155, 156, 173, 172
172, 173, 190, 189
189, 190, 207, 206
206, 207, 224, 223
223, 224, 241, 240
240, 241, 258, 257
257, 258, 275, 274
274, 275, 292, 291
291, 292, 309, 308
308, 309, 326, 325
325, 326, 343, 342
342, 343, 360, 359
359, 360, 377, 376
376, 377, 394, 393
393, 394, 411, 410
410, 411, 428, 427
427, 428, 445, 444
444, 445, 462, 461
461, 462, 479, 478
478, 479, 496, 495
495, 496, 513, 512
512, 513, 530, 529
529, 530, 547, 546
546, 547, 564, 563
563, 564, 581, 580
580, 581, 598, 597
597, 598, 615, 614
614, 615, 632, 631
631, 632, 649, 648
648, 649, 666, 665
665, 666, 3, 2
3, 4, 21, 20
20, 21, 38, 37
37, 38, 55, 54
54, 55, 72, 71
71, 72, 89, 88
88, 89, 106, 105
105, 106, 123, 122
122, 123, 140, 139
139, 140, 157, 156
156, 157, 174, 173
173, 174, 191, 190
190, 191, 208, 207
207, 208, 225, 224
224, 225, 242, 241
241, 242, 259, 258
258, 259, 276, 275
275, 276, 293, 292
292, 293, 310, 309
309, 310, 327, 326
326, 327, 344, 343
343, 344, 361, 360
360, 361, 378, 377
377, 378, 395, 394
394, 395, 412, 411
411, 412, 429, 428
428, 429, 446, 445
445, 446, 463, 462
462, 463, 480, 479
479, 480, 497, 496
496, 497, 514, 513
513, 514, 531, 530
530, 531, 548, 547
547, 548, 565, 564
564, 565, 582, 581
581, 582, 599, 598
598, 599, 616, 615
615, 616, 633, 632
632, 633, 650, 649
649, 650, 667, 666
666, 667, 4, 3
4, 5, 22, 21
21, 22, 39, 38
38, 39, 56, 55
55, 56, 73, 72
72, 73, 90, 89
89, 90, 107, 106
106, 107, 124, 123
123, 124, 141, 140
140, 141, 158, 157
157, 158, 175, 174
174, 175, 192, 191
191, 192, 209, 208
208, 209, 226, 225
225, 226, 243, 242
242, 243, 260, 259
259, 260, 277, 276
276, 277, 294, 293
293, 294, 311, 310
310, 311, 328, 327
327, 328, 345, 344
344, 345, 362, 361
361, 362, 379, 378
378, 379, 396, 395
395, 396, 413, 412
412, 413, 430, 429
429, 430, 447, 446
446, 447, 464, 463
463, 464, 481, 480
480, 481, 498, 497
497, 498, 515, 514
514, 515, 532, 531
531, 532, 549, 548
548, 549, 566, 565
565, 566, 583, 582
582, 583, 600, 599
599, 600, 617, 616
616, 617, 634, 633
633, 634, 651, 650
650, 651, 668, 667
667, 668, 5, 4
5, 6, 23, 22
22, 23, 40, 39
39, 40, 57, 56
56, 57, 74, 73
73, 74, 91, 90
90, 91, 108, 107
107, 108, 125, 124
124, 125, 142, 141
141, 142, 159, 158
158, 159, 176, 175
175, 176, 193, 192
192, 193, 210, 209
209, 210, 227, 226
226, 227, 244, 243
243, 244, 261, 260
260, 261, 278, 277
277, 278, 295, 294
294, 295, 312, 311
311, 312, 329, 328
328, 329, 346, 345
345, 346, 363, 362
362, 363, 380, 379
379, 380, 397, 396
396, 397, 414, 413
413, 414, 431, 430
430, 431, 448, 447
447, 448, 465, 464
464, 465, 482, 481
481, 482, 499, 498
498, 499, 516, 515
515, 516, 533, 532
532, 533, 550, 549
549, 550, 567, 566
566, 567, 584, 583
583, 584, 601, 600
600, 601, 618, 617
617, 618, 635, 634
634, 635, 652, 651
651, 652, 669, 668
668, 669, 6, 5
6, 7, 24, 23
23, 24, 41, 40
40, 41, 58, 57
57, 58, 75, 74
74, 75, 92, 91
91, 92, 109, 108
108, 109, 126, 125
125, 126, 143, 142
142, 143, 160, 159
159, 160, 177, 176
176, 177, 194, 193
193, 194, 211, 210
210, 211, 228, 227
227, 228, 245, 244
244, 245, 262, 261
261, 262, 279, 278
278, 279, 296, 295
295, 296, 313, 312
312, 313, 330, 329
329, 330, 347, 346
346, 347, 364, 363
363, 364, 381, 380
380, 381, 398, 397
397, 398, 415, 414
414, 415, 432, 431
431, 432, 449, 448
448, 449, 466, 465
465, 466, 483, 482
482, 483, 500, 499
499, 500, 517, 516
516, 517, 534, 533
533, 534, 551, 550
550, 551, 568, 567
567, 568, 585, 584
584, 585, 602, 601
601, 602, 619, 618
618, 619, 636, 635
635, 636, 653, 652
652, 653, 670, 669
669, 670, 7, 6
7, 8, 25, 24
24, 25, 42, 41
41, 42, 59, 58
58, 59, 76, 75
75, 76, 93, 92
92, 93, 110, 109
109, 110, 127, 126
126, 127, 144, 143
143, 144, 161, 160
160, 161, 178, 177
177, 178, 195, 194
194, 195, 212, 211
211, 212, 229, 228
228, 229, 246, 245
245, 246, 263, 262
262, 263, 280, 279
279, 280, 297, 296
296, 297, 314, 313
313, 314, 331, 330
330, 331, 348, 347
347, 348, 365, 364
364, 365, 382, 381
381, 382, 399, 398
398, 399, 416, 415
415, 416, 433, 432
432, 433, 450, 449
449, 450, 467, 466
466, 467, 484, 483
483, 484, 501, 500
500, 501, 518, 517
517, 518, 535, 534
534, 535, 552, 551
551, 552, 569, 568
568, 569, 586, 585
585, 586, 603, 602
602, 603, 620, 619
619, 620, 637, 636
636, 637, 654, 653
653, 654, 671, 670
670, 671, 8, 7
8, 9, 26, 25
25, 26, 43, 42
42, 43, 60, 59
59, 60, 77, 76
76, 77, 94, 93
93, 94, 111, 110
110, 111, 128, 127
127, 128, 145, 144
144, 145, 162, 161
161, 162, 179, 178
178, 179, 196, 195
195, 196, 213, 212
212, 213, 230, 229
229, 230, 247, 246
246, 247, 264, 263
263, 264, 281, 280
280, 281, 298, 297
297, 298, 315, 314
314, 315, 332, 331
331, 332, 349, 348
348, 349, 366, 365
365, 366, 383, 382
382, 383, 400, 399
399, 400, 417, 416
416, 417, 434, 433
433, 434, 451, 450
450, 451, 468, 467
467, 468, 485, 484
484, 485, 502, 501
501, 502, 519, 518
518, 519, 536, 535
535, 536, 553, 552
552, 553, 570, 569
569, 570, 587, 586
586, 587, 604, 603
603, 604, 621, 620
620, 621, 638, 637
637, 638, 655, 654
654, 655, 672, 671
671, 672, 9, 8
9, 10, 27, 26
26, 27, 44, 43
43, 44, 61, 60
60, 61, 78, 77
77, 78, 95, 94
94, 95, 112, 111
111, 112, 129, 128
128, 129, 146, 145
145, 146, 163, 162
162, 163, 180, 179
179, 180, 197, 196
196, 197, 214, 213
213, 214, 231, 230
230, 231, 248, 247
247, 248, 265, 264
264, 265, 282, 281
281, 282, 299, 298
298, 299, 316, 315
315, 316, 333, 332
332, 333, 350, 349
349, 350, 367, 366
366, 367, 384, 383
383, 384, 401, 400
400, 401, 418, 417
417, 418, 435, 434
434, 435, 452, 451
451, 452, 469, 468
468, 469, 486, 485
485, 486, 503, 502
502, 503, 520, 519
519, 520, 537, 536
536, 537, 554, 553
553, 554, 571, 570
570, 571, 588, 587
587, 588, 605, 604
604, 605, 622, 621
621, 622, 639, 638
638, 639, 656, 655
655, 656, 673, 672
672, 673, 10, 9
10, 11, 28, 27
27, 28, 45, 44
44, 45, 62, 61
61, 62, 79, 78
78, 79, 96, 95
95, 96, 113, 112
112, 113, 130, 129
129, 130, 147, 146
146, 147, 164, 163
163, 164, 181, 180
180, 181, 198, 197
197, 198, 215, 214
214, 215, 232, 231
231, 232, 249, 248
248, 249, 266, 265
265, 266, 283, 282
282, 283, 300, 299
299, 300, 317, 316
316, 317, 334, 333
333, 334, 351, 350
350, 351, 368, 367
367, 368, 385, 384
384, 385, 402, 401
401, 402, 419, 418
418, 419, 436, 435
435, 436, 453, 452
452, 453, 470, 469
469, 470, 487, 486
486, 487, 504, 503
503, 504, 521, 520
520, 521, 538, 537
537, 538, 555, 554
554, 555, 572, 571
571, 572, 589, 588
588, 589, 606, 605
605, 606, 623, 622
622, 623, 640, 639
639, 640, 657, 656
656, 657, 674, 673
673, 674, 11, 10
11, 12, 29, 28
28, 29, 46, 45
45, 46, 63, 62
62, 63, 80, 79
79, 80, 97, 96
96, 97, 114, 113
113, 114, 131, 130
130, 131, 148, 147
147, 148, 165, 164
164, 165, 182, 181
181, 182, 199, 198
198, 199, 216, 215
215, 216, 233, 232
232, 233, 250, 249
249, 250, 267, 266
266, 267, 284, 283
283, 284, 301, 300
300, 301, 318, 317
317, 318, 335, 334
334, 335, 352, 351
351, 352, 369, 368
368, 369, 386, 385
385, 386, 403, 402
402, 403, 420, 419
419, 420, 437, 436
436, 437, 454, 453
453, 454, 471, 470
470, 471, 488, 487
487, 488, 505, 504
504, 505, 522, 521
521, 522, 539, 538
538, 539, 556, 555
555, 556, 573, 572
572, 573, 590, 589
589, 590, 607, 606
606, 607, 624, 623
623, 624, 641, 640
640, 641, 658, 657
657, 658, 675, 674
674, 675, 12, 11
12, 13, 30, 29
29, 30, 47, 46
46, 47, 64, 63
63, 64, 81, 80
80, 81, 98, 97
97, 98, 115, 114
114, 115, 132, 131
131, 132, 149, 148
148, 149, 166, 165
165, 166, 183, 182
182, 183, 200, 199
199, 200, 217, 216
216, 217, 234, 233
233, 234, 251, 250
250, 251, 268, 267
267, 268, 285, 284
284, 285, 302, 301
301, 302, 319, 318
318, 319, 336, 335
335, 336, 353, 352
352, 353, 370, 369
369, 370, 387, 386
386, 387, 404, 403
403, 404, 421, 420
420, 421, 438, 437
437, 438, 455, 454
454, 455, 472, 471
471, 472, 489, 488
488, 489, 506, 505
505, 506, 523, 522
522, 523, 540, 539
539, 540, 557, 556
556, 557, 574, 573
573, 574, 591, 590
590, 591, 608, 607
607, 608, 625, 624
624, 625, 642, 641
641, 642, 659, 658
658, 659, 676, 675
675, 676, 13, 12
13, 14, 31, 30
30, 31, 48, 47
47, 48, 65, 64
64, 65, 82, 81
81, 82, 99, 98
98, 99, 116, 115
115, 116, 133, 132
132, 133, 150, 149
149, 150, 167, 166
166, 167, 184, 183
183, 184, 201, 200
200, 201, 218, 217
217, 218, 235, 234
234, 235, 252, 251
251, 252, 269, 268
268, 269, 286, 285
285, 286, 303, 302
302, 303, 320, 319
319, 320, 337, 336
336, 337, 354, 353
353, 354, 371, 370
370, 371, 388, 387
387, 388, 405, 404
404, 405, 422, 421
421, 422, 439, 438
438, 439, 456, 455
455, 456, 473, 472
472, 473, 490, 489
489, 490, 507, 506
506, 507, 524, 523
523, 524, 541, 540
540, 541, 558, 557
557, 558, 575, 574
574, 575, 592, 591
591, 592, 609, 608
608, 609, 626, 625
625, 626, 643, 642
642, 643, 660, 659
659, 660, 677, 676
676, 677, 14, 13
14, 15, 32, 31
31, 32, 49, 48
48, 49, 66, 65
65, 66, 83, 82
82, 83, 100, 99
99, 100, 117, 116
116, 117, 134, 133
133, 134, 151, 150
150, 151, 168, 167
167, 168, 185, 184
184, 185, 202, 201
201, 202, 219, 218
218, 219, 236, 235
235, 236, 253, 252
252, 253, 270, 269
269, 270, 287, 286
286, 287, 304, 303
303, 304, 321, 320
320, 321, 338, 337
337, 338, 355, 354
354, 355, 372, 371
371, 372, 389, 388
388, 389, 406, 405
405, 406, 423, 422
422, 423, 440, 439
439, 440, 457, 456
456, 457, 474, 473
473, 474, 491, 490
490, 491, 508, 507
507, 508, 525, 524
524, 525, 542, 541
541, 542, 559, 558
558, 559, 576, 575
575, 576, 593, 592
592, 593, 610, 609
609, 610, 627, 626
626, 627, 644, 643
643, 644, 661, 660
660, 661, 678, 677
677, 678, 15, 14
15, 16, 33, 32
32, 33, 50, 49
49, 50, 67, 66
66, 67, 84, 83
83, 84, 101, 100
100, 101, 118, 117
117, 118, 135, 134
134, 135, 152, 151
151, 152, 169, 168
168, 169, 186, 185
185, 186, 203, 202
202, 203, 220, 219
219, 220, 237, 236
236, 237, 254, 253
253, 254, 271, 270
270, 271, 288, 287
287, 288, 305, 304
304, 305, 322, 321
321, 322, 339, 338
338, 339, 356, 355
355, 356, 373, 372
372, 373, 390, 389
389, 390, 407, 406
406, 407, 424, 423
423, 424, 441, 440
440, 441, 458, 457
457, 458, 475, 474
474, 475, 492, 491
491, 492, 509, 508
508, 509, 526, 525
525, 526, 543, 542
542, 543, 560, 559
559, 560, 577, 576
576, 577, 594, 593
593, 594, 611, 610
610, 611, 628, 627
627, 628, 645, 644
644, 645, 662, 661
661, 662, 679, 678
678, 679, 16, 15
16, 17, 34, 33
33, 34, 51, 50
50, 51, 68, 67
67, 68, 85, 84
84, 85, 102, 101
101, 102, 119, 118
118, 119, 136, 135
135, 136, 153, 152
152, 153, 170, 169
169, 170, 187, 186
186, 187, 204, 203
203, 204, 221, 220
220, 221, 238, 237
237, 238, 255, 254
254, 255, 272, 271
271, 272, 289, 288
288, 289, 306, 305
305, 306, 323, 322
322, 323, 340, 339
339, 340, 357, 356
356, 357, 374, 373
373, 374, 391, 390
390, 391, 408, 407
407, 408, 425, 424
424, 425, 442, 441
441, 442, 459, 458
458, 459, 476, 475
475, 476, 493, 492
492, 493, 510, 509
509, 510, 527, 526
526, 527, 544, 543
543, 544, 561, 560
560, 561, 578, 577
577, 578, 595, 594
594, 595, 612, 611
611, 612, 629, 628
628, 629, 646, 645
645, 646, 663, 662
662, 663, 680, 679
679, 680, 17, 16
34, 17, 681
51, 34, 681
68, 51, 681
85, 68, 681
102, 85, 681
119, 102, 681
136, 119, 681
153, 136, 681
170, 153, 681
187, 170, 681
204, 187, 681
221, 204, 681
238, 221, 681
255, 238, 681
272, 255, 681
289, 272, 681
306, 289, 681
323, 306, 681
340, 323, 681
357, 340, 681
374, 357, 681
391, 374, 681
408, 391, 681
425, 408, 681
442, 425, 681
459, 442, 681
476, 459, 681
493, 476, 681
510, 493, 681
527, 510, 681
544, 527, 681
561, 544, 681
578, 561, 681
595, 578, 681
612, 595, 681
629, 612, 681
646, 629, 681
663, 646, 681
680, 663, 681
17, 680, 681

0, 0, 200
25, 10, 10
0, 0, 200
25, 10, 10
0, 0, 200
25, 10, 10
0, 0, 200
25, 10, 10
0, 0, 200
25, 10, 10
0, 0, 200
25, 10, 10
0, 0, 200
25, 10, 10
0, 0, 200
25, 10, 10
0, 0, 200
25, 10, 10
0, 0, 200
25, 10, 10
0, 0, 200
25, 10, 10
0, 0, 200
25, 10, 10
0, 0, 200
25, 10, 10
0, 0, 200
25, 10, 10
0, 0, 200
25, 10, 10
0, 0, 200
25, 10, 10
0, 0, 200
25, 10, 10
0, 0, 200
25, 10, 10
0, 0, 200
25, 10, 10
0, 0, 200
25, 10, 10
25, 10, 10
0, 0, 200
25, 10, 10
0, 0, 200
25, 10, 10
0, 0, 200
25, 10, 10
0, 0, 200
25, 10, 10
0, 0, 200
25, 10, 10
0, 0, 200
25, 10, 10
0, 0, 200
25, 10, 10
0, 0, 200
25, 10, 10
0, 0, 200
25, 10, 10
0, 0, 200
25, 10, 10
0, 0, 200
25, 10, 10
0, 0, 200
25, 10, 10
0, 0, 200
25, 10, 10
0, 0, 200
25, 10, 10
0, 0, 200
25, 10, 10
0, 0, 200
25, 10, 10
0, 0, 200
25, 10, 10
0, 0, 200
25, 10, 10
0, 0, 200
25, 10, 10
0, 0, 200
0, 0, 200
25, 10, 10
0, 0, 200
25, 10, 10
0, 0, 200
25, 10, 10
0, 0, 200
25, 10, 10
0, 0, 200
25, 10, 10
0, 0, 200
25, 10, 10
0, 0, 200
25, 10, 10
0, 0, 200
25, 10, 10
0, 0, 200
25, 10, 10
0, 0, 200
25, 10, 10
0, 0, 200
25, 10, 10
0, 0, 200
25, 10, 10
0, 0, 200
25, 10, 10
0, 0, 200
25, 10, 10
0, 0, 200
25, 10, 10
0, 0, 200
25, 10, 10
0, 0, 200
25, 10, 10
0, 0, 200
25, 10, 10
0, 0, 200
25, 10, 10
0, 0, 200
25, 10, 10
25, 10, 10
0, 0, 200
25, 10, 10
0, 0, 200
25, 10, 10
0, 0, 200
25, 10, 10
0, 0, 200
25, 10, 10
0, 0, 200
25, 10, 10
0, 0, 200
25, 10, 10
0, 0, 200
25, 10, 10
0, 0, 200
25, 10, 10
0, 0, 200
25, 10, 10
0, 0, 200
25, 10, 10
0, 0, 200
25, 10, 10
0, 0, 200
25, 10, 10
0, 0, 200
25, 10, 10
0, 0, 200
25, 10, 10
0, 0, 200
25, 10, 10
0, 0, 200
25, 10, 10
0, 0, 200
25, 10, 10
0, 0, 200
25, 10, 10
0, 0, 200
25, 10, 10
0, 0, 200
0, 0, 200
25, 10, 10
0, 0, 200
25, 10, 10
0, 0, 200
25, 10, 10
0, 0, 200
25, 10, 10
0, 0, 200
25, 10, 10
0, 0, 200
25, 10, 10
0, 0, 200
25, 10, 10
0, 0, 200
25, 10, 10
0, 0, 200
25, 10, 10
0, 0, 200
25, 10, 10
0, 0, 200
25, 10, 10
0, 0, 200
25, 10, 10
0, 0, 200
25, 10, 10
0, 0, 200
25, 10, 10
0, 0, 200
25, 10, 10
0, 0, 200
25, 10, 10
0, 0, 200
25, 10, 10
0, 0, 200
25, 10, 10
0, 0, 200
25, 10, 10
0, 0, 200
25, 10, 10
25, 10, 10
0, 0, 200
25, 10, 10
0, 0, 200
25, 10, 10
0, 0, 200
25, 10, 10
0, 0, 200
25, 10, 10
0, 0, 200
25, 10, 10
0, 0, 200
25, 10, 10
0, 0, 200
25, 10, 10
0, 0, 200
25, 10, 10
0, 0, 200
25, 10, 10
0, 0, 200
25, 10, 10
0, 0, 200
25, 10, 10
0, 0, 200
25, 10, 10
0, 0, 200
25, 10, 10
0, 0, 200
25, 10, 10
0, 0, 200
25, 10, 10
0, 0, 200
25, 10, 10
0, 0, 200
25, 10, 10
0, 0, 200
25, 10, 10
0, 0, 200
25, 10, 10
0, 0, 200
0, 0, 200
25, 10, 10
0, 0, 200
25, 10, 10
0, 0, 200
25, 10, 10
0, 0, 200
25, 10, 10
0, 0, 200
25, 10, 10
0, 0, 200
25, 10, 10
0, 0, 200
25, 10, 10
0, 0, 200
25, 10, 10
0, 0, 200
25, 10, 10
0, 0, 200
25, 10, 10
0, 0, 200
25, 10, 10
0, 0, 200
25, 10, 10
0, 0, 200
25, 10, 10
0, 0, 200
25, 10, 10
0, 0, 200
25, 10, 10
0, 0, 200
25, 10, 10
0, 0, 200
25, 10, 10
0, 0, 200
25, 10, 10
0, 0, 200
25, 10, 10
0, 0, 200
25, 10, 10
25, 10, 10
0, 0, 200
25, 10, 10
0, 0, 200
25, 10, 10
0, 0, 200
25, 10, 10
0, 0, 200
25, 10, 10
0, 0, 200
25, 10, 10
0, 0, 200
25, 10, 10
0, 0, 200
25, 10, 10
0, 0, 200
25, 10, 10
0, 0, 200
25, 10, 10
0, 0, 200
25, 10, 10
0, 0, 200
25, 10, 10
0, 0, 200
25, 10, 10
0, 0, 200
25, 10, 10
0, 0, 200
25, 10, 10
0, 0, 200
25, 10, 10
0, 0, 200
25, 10, 10
0, 0, 200
25, 10, 10
0, 0, 200
25, 10, 10
0, 0, 200
25, 10, 10
0, 0, 200
0, 0, 200
25, 10, 10
0, 0, 200
25, 10, 10
0, 0, 200
25, 10, 10
0, 0, 200
25, 10, 10
0, 0, 200
25, 10, 10
0, 0, 200
25, 10, 10
0, 0, 200
25, 10, 10
0, 0, 200
25, 10, 10
0, 0, 200
25, 10, 10
0, 0, 200
25, 10, 10
0, 0, 200
25, 10, 10
0, 0, 200
25, 10, 10
0, 0, 200
25, 10, 10
0, 0, 200
25, 10, 10
0, 0, 200
25, 10, 10
0, 0, 200
25, 10, 10
0, 0, 200
25, 10, 10
0, 0, 200
25, 10, 10
0, 0, 200
25, 10, 10
0, 0, 200
25, 10, 10
25, 10, 10
0, 0, 200
25, 10, 10
0, 0, 200
25, 10, 10
0, 0, 200
25, 10, 10
0, 0, 200
25, 10, 10
0, 0, 200
25, 10, 10
0, 0, 200
25, 10, 10
0, 0, 200
25, 10, 10
0, 0, 200
25, 10, 10
0, 0, 200
25, 10, 10
0, 0, 200
25, 10, 10
0, 0, 200
25, 10, 10
0, 0, 200
25, 10, 10
0, 0, 200
25, 10, 10
0, 0, 200
25, 10, 10
0, 0, 200
25, 10, 10
0, 0, 200
25, 10, 10
0, 0, 200
25, 10, 10
0, 0, 200
25, 10, 10
0, 0, 200
25, 10, 10
0, 0, 200
0, 0, 200
25, 10, 10
0, 0, 200
25, 10, 10
0, 0, 200
25, 10, 10
0, 0, 200
25, 10, 10
0, 0, 200
25, 10, 10
0, 0, 200
25, 10, 10
0, 0, 200
25, 10, 10
0, 0, 200
25, 10, 10
0, 0, 200
25, 10, 10
0, 0, 200
25, 10, 10
0, 0, 200
25, 10, 10
0, 0, 200
25, 10, 10
0, 0, 200
25, 10, 10
0, 0, 200
25, 10, 10
0, 0, 200
25, 10, 10
0, 0, 200
25, 10, 10
0, 0, 200
25, 10, 10
0, 0, 200
25, 10, 10
0, 0, 200
25, 10, 10
0, 0, 200
25, 10, 10
25, 10, 10
0, 0, 200
25, 10, 10
0, 0, 200
25, 10, 10
0, 0, 200
25, 10, 10
0, 0, 200
25, 10, 10
0, 0, 200
25, 10, 10
0, 0, 200
25, 10, 10
0, 0, 200
25, 10, 10
0, 0, 200
25, 10, 10
0, 0, 200
25, 10, 10
0, 0, 200
25, 10, 10
0, 0, 200
25, 10, 10
0, 0, 200
25, 10, 10
0, 0, 200
25, 10, 10
0, 0, 200
25, 10, 10
0, 0, 200
25, 10, 10
0, 0, 200
25, 10, 10
0, 0, 200
25, 10, 10
0, 0, 200
25, 10, 10
0, 0, 200
25, 10, 10
0, 0, 200
0, 0, 200
25, 10, 10
0, 0, 200
25, 10, 10
0, 0, 200
25, 10, 10
0, 0, 200
25, 10, 10
0, 0, 200
25, 10, 10
0, 0, 200
25, 10, 10
0, 0, 200
25, 10, 10
0, 0, 200
25, 10, 10
0, 0, 200
25, 10, 10
0, 0, 200
25, 10, 10
0, 0, 200
25, 10, 10
0, 0, 200
25, 10, 10
0, 0, 200
25, 10, 10
0, 0, 200
25, 10, 10
0, 0, 200
25, 10, 10
0, 0, 200
25, 10, 10
0, 0, 200
25, 10, 10
0, 0, 200
25, 10, 10
0, 0, 200
25, 10, 10
0, 0, 200
25, 10, 10
25, 10, 10
0, 0, 200
25, 10, 10
0, 0, 200
25, 10, 10
0, 0, 200
25, 10, 10
0, 0, 200
25, 10, 10
0, 0, 200
25, 10, 10
0, 0, 200
25, 10, 10
0, 0, 200
25, 10, 10
0, 0, 200
25, 10, 10
0, 0, 200
25, 10, 10
0, 0, 200
25, 10, 10
0, 0, 200
25, 10, 10
0, 0, 200
25, 10, 10
0, 0, 200
25, 10, 10
0, 0, 200
25, 10, 10
0, 0, 200
25, 10, 10
0, 0, 200
25, 10, 10
0, 0, 200
25, 10, 10
0, 0, 200
25, 10, 10
0, 0, 200
25, 10, 10
0, 0, 200
0, 0, 200
25, 10, 10
0, 0, 200
25, 10, 10
0, 0, 200
25, 10, 10
0, 0, 200
25, 10, 10
0, 0, 200
25, 10, 10
0, 0, 200
25, 10, 10
0, 0, 200
25, 10, 10
0, 0, 200
25, 10, 10
0, 0, 200
25, 10, 10
0, 0, 200
25, 10, 10
0, 0, 200
25, 10, 10
0, 0, 200
25, 10, 10
0, 0, 200
25, 10, 10
0, 0, 200
25, 10, 10
0, 0, 200
25, 10, 10
0, 0, 200
25, 10, 10
0, 0, 200
25, 10, 10
0, 0, 200
25, 10, 10
0, 0, 200
25, 10, 10
0, 0, 200
25, 10, 10
25, 10, 10
0, 0, 200
25, 10, 10
0, 0, 200
25, 10, 10
0, 0, 200
25, 10, 10
0, 0, 200
25, 10, 10
0, 0, 200
25, 10, 10
0, 0, 200
25, 10, 10
0, 0, 200
25, 10, 10
0, 0, 200
25, 10, 10
0, 0, 200
25, 10, 10
0, 0, 200
25, 10, 10
0, 0, 200
25, 10, 10
0, 0, 200
25, 10, 10
0, 0, 200
25, 10, 10
0, 0, 200
25, 10, 10
0, 0, 200
25, 10, 10
0, 0, 200
25, 10, 10
0, 0, 200
25, 10, 10
0, 0, 200
25, 10, 10
0, 0, 200
25, 10, 10
0, 0, 200
0, 0, 200
25, 10, 10
0, 0, 200
25, 10, 10
0, 0, 200
25, 10, 10
0, 0, 200
25, 10, 10
0, 0, 200
25, 10, 10
0, 0, 200
25, 10, 10
0, 0, 200
25, 10, 10
0, 0, 200
25, 10, 10
0, 0, 200
25, 10, 10
0, 0, 200
25, 10, 10
0, 0, 200
25, 10, 10
0, 0, 200
25, 10, 10
0, 0, 200
25, 10, 10
0, 0, 200
25, 10, 10
0, 0, 200
25, 10, 10
0, 0, 200
25, 10, 10
0, 0, 200
25, 10, 10
0, 0, 200
25, 10, 10
0, 0, 200
25, 10, 10
0, 0, 200
25, 10, 10
25, 10, 10
0, 0, 200
25, 10, 10
0, 0, 200
25, 10, 10
0, 0, 200
25, 10, 10
0, 0, 200
25, 10, 10
0, 0, 200
25, 10, 10
0, 0, 200
25, 10, 10
0, 0, 200
25, 10, 10
0, 0, 200
25, 10, 10
0, 0, 200
25, 10, 10
0, 0, 200
25, 10, 10
0, 0, 200
25, 10, 10
0, 0, 200
25, 10, 10
0, 0, 200
25, 10, 10
0, 0, 200
25, 10, 10
0, 0, 200
25, 10, 10
0, 0, 200
25, 10, 10
0, 0, 200
25, 10, 10
0, 0, 200
25, 10, 10
0, 0, 200
25, 10, 10
0, 0, 200
